  -3.5279011e-02  -3.5264341e-02  -3.5246694e-02  -3.5225465e-02  -3.5199929e-02  -3.5169211e-02  -3.5132260e-02  -3.5087810e-02  -3.5034339e-02  -3.4970017e-02  -3.4892642e-02  -3.4799565e-02  -3.4687602e-02  -3.4552920e-02  -3.4390916e-02  -3.4196054e-02  -3.3961683e-02  -3.3679821e-02  -3.3340888e-02  -3.2933411e-02  -3.2443672e-02  -3.1855313e-02  -3.1148918e-02  -3.0301584e-02  -2.9286569e-02  -2.8073132e-02  -2.6626775e-02  -2.4910139e-02  -2.2884567e-02  -2.0511153e-02  -1.7747141e-02  -1.4530422e-02  -1.0751567e-02  -6.2309997e-03   0.0000000e+00   6.2309997e-03
  -3.4171943e-02  -3.4157733e-02  -3.4140640e-02  -3.4120078e-02  -3.4095343e-02  -3.4065589e-02  -3.4029796e-02  -3.3986740e-02  -3.3934947e-02  -3.3872642e-02  -3.3797692e-02  -3.3707531e-02  -3.3599073e-02  -3.3468603e-02  -3.3311657e-02  -3.3122866e-02  -3.2895773e-02  -3.2622621e-02  -3.2294090e-02  -3.1898993e-02  -3.1423911e-02  -3.0852777e-02  -3.0166393e-02  -2.9341907e-02  -2.8352278e-02  -2.7165824e-02  -2.5746034e-02  -2.4051947e-02  -2.2039480e-02  -1.9663666e-02  -1.6879917e-02  -1.3638794e-02  -9.8689692e-03  -5.4586125e-03   0.0000000e+00   5.4586125e-03
  -3.3093577e-02  -3.3079816e-02  -3.3063262e-02  -3.3043348e-02  -3.3019394e-02  -3.2990579e-02  -3.2955916e-02  -3.2914219e-02  -3.2864059e-02  -3.2803720e-02  -3.2731136e-02  -3.2643820e-02  -3.2538784e-02  -3.2412431e-02  -3.2260438e-02  -3.2077603e-02  -3.1857675e-02  -3.1593139e-02  -3.1274967e-02  -3.0892321e-02  -3.0432193e-02  -2.9878997e-02  -2.9214080e-02  -2.8415177e-02  -2.7455795e-02  -2.6304609e-02  -2.4924941e-02  -2.3274619e-02  -2.1306632e-02  -1.8971142e-02  -1.6218559e-02  -1.3000697e-02  -9.2644288e-03  -4.9417889e-03   0.0000000e+00   4.9417889e-03
  -3.2043168e-02  -3.2029844e-02  -3.2013815e-02  -3.1994534e-02  -3.1971340e-02  -3.1943439e-02  -3.1909877e-02  -3.1869503e-02  -3.1820935e-02  -3.1762512e-02  -3.1692231e-02  -3.1607687e-02  -3.1505984e-02  -3.1383642e-02  -3.1236472e-02  -3.1059440e-02  -3.0846492e-02  -3.0590352e-02  -3.0282278e-02  -2.9911774e-02  -2.9466247e-02  -2.8930602e-02  -2.8286772e-02  -2.7513180e-02  -2.6584123e-02  -2.5469125e-02  -2.4132287e-02  -2.2531827e-02  -2.0620148e-02  -1.8345096e-02  -1.5653044e-02  -1.2493040e-02  -8.8184780e-03  -4.5876245e-03   0.0000000e+00   4.5876245e-03
  -3.1019992e-02  -3.1007093e-02  -3.0991576e-02  -3.0972911e-02  -3.0950457e-02  -3.0923448e-02  -3.0890957e-02  -3.0851872e-02  -3.0804855e-02  -3.0748297e-02  -3.0680260e-02  -3.0598416e-02  -3.0499961e-02  -3.0381525e-02  -3.0239054e-02  -3.0067675e-02  -2.9861526e-02  -2.9613563e-02  -2.9315325e-02  -2.8956651e-02  -2.8525348e-02  -2.8006802e-02  -2.7383526e-02  -2.6634625e-02  -2.5735213e-02  -2.4655760e-02  -2.3361428e-02  -2.1811487e-02  -1.9959065e-02  -1.7751764e-02  -1.5134066e-02  -1.2052214e-02  -8.4606039e-03  -4.3316500e-03   0.0000000e+00   4.3316500e-03
  -3.0023343e-02  -3.0010858e-02  -2.9995840e-02  -2.9977774e-02  -2.9956042e-02  -2.9929900e-02  -2.9898453e-02  -2.9860624e-02  -2.9815118e-02  -2.9760377e-02  -2.9694526e-02  -2.9615311e-02  -2.9520019e-02  -2.9405388e-02  -2.9267495e-02  -2.9101621e-02  -2.8902095e-02  -2.8662099e-02  -2.8373442e-02  -2.8026290e-02  -2.7608841e-02  -2.7106954e-02  -2.6503697e-02  -2.5778852e-02  -2.4908327e-02  -2.3863539e-02  -2.2610750e-02  -2.1110470e-02  -1.9317078e-02  -1.7179069e-02  -1.4640799e-02  -1.1647036e-02  -8.1514500e-03  -4.1331879e-03   0.0000000e+00   4.1331879e-03
  -2.9052533e-02  -2.9040451e-02  -2.9025919e-02  -2.9008437e-02  -2.8987408e-02  -2.8962111e-02  -2.8931681e-02  -2.8895075e-02  -2.8851041e-02  -2.8798069e-02  -2.8734348e-02  -2.8657694e-02  -2.8565483e-02  -2.8454559e-02  -2.8321124e-02  -2.8160613e-02  -2.7967538e-02  -2.7735302e-02  -2.7455978e-02  -2.7120049e-02  -2.6716097e-02  -2.6230434e-02  -2.5646680e-02  -2.4945265e-02  -2.4102881e-02  -2.3091863e-02  -2.1879563e-02  -2.0427752e-02  -1.8692211e-02  -1.6622813e-02  -1.4164829e-02  -1.1262892e-02  -7.8700004e-03  -3.9680596e-03   0.0000000e+00   3.9680596e-03
  -2.8106891e-02  -2.8095203e-02  -2.8081144e-02  -2.8064231e-02  -2.8043886e-02  -2.8019413e-02  -2.7989973e-02  -2.7954559e-02  -2.7911957e-02  -2.7860710e-02  -2.7799063e-02  -2.7724904e-02  -2.7635694e-02  -2.7528380e-02  -2.7399289e-02  -2.7244002e-02  -2.7057211e-02  -2.6832533e-02  -2.6562299e-02  -2.6237303e-02  -2.5846497e-02  -2.5376639e-02  -2.4811881e-02  -2.4133291e-02  -2.3318316e-02  -2.2340194e-02  -2.1167337e-02  -1.9762757e-02  -1.8083655e-02  -1.6081440e-02  -1.3702795e-02  -1.0893141e-02  -7.6054084e-03  -3.8224529e-03   0.0000000e+00   3.8224529e-03
  -2.7185766e-02  -2.7174461e-02  -2.7160862e-02  -2.7144504e-02  -2.7124826e-02  -2.7101155e-02  -2.7072680e-02  -2.7038426e-02  -2.6997221e-02  -2.6947653e-02  -2.6888026e-02  -2.6816297e-02  -2.6730011e-02  -2.6626214e-02  -2.6501352e-02  -2.6351155e-02  -2.6170485e-02  -2.5953169e-02  -2.5691790e-02  -2.5377443e-02  -2.4999443e-02  -2.4544980e-02  -2.3998725e-02  -2.3342368e-02  -2.2554093e-02  -2.1608014e-02  -2.0473578e-02  -1.9115008e-02  -1.7490901e-02  -1.5554233e-02  -1.3253290e-02  -1.0534791e-02  -7.3522086e-03  -3.6886943e-03   0.0000000e+00   3.6886943e-03
  -2.6288522e-02  -2.6277590e-02  -2.6264440e-02  -2.6248622e-02  -2.6229593e-02  -2.6206703e-02  -2.6179168e-02  -2.6146045e-02  -2.6106200e-02  -2.6058268e-02  -2.6000608e-02  -2.5931247e-02  -2.5847809e-02  -2.5747437e-02  -2.5626696e-02  -2.5481455e-02  -2.5306747e-02  -2.5096603e-02  -2.4843850e-02  -2.4539876e-02  -2.4174349e-02  -2.3734882e-02  -2.3206652e-02  -2.2571950e-02  -2.1809683e-02  -2.0894817e-02  -1.9797806e-02  -1.8484053e-02  -1.6913522e-02  -1.5040731e-02  -1.2815624e-02  -1.0186459e-02  -7.1076771e-03  -3.5626046e-03   0.0000000e+00   3.5626046e-03
  -2.5414540e-02  -2.5403972e-02  -2.5391259e-02  -2.5375966e-02  -2.5357570e-02  -2.5335441e-02  -2.5308821e-02  -2.5276799e-02  -2.5238279e-02  -2.5191940e-02  -2.5136198e-02  -2.5069142e-02  -2.4988478e-02  -2.4891443e-02  -2.4774716e-02  -2.4634303e-02  -2.4465403e-02  -2.4262244e-02  -2.4017893e-02  -2.3724024e-02  -2.3370646e-02  -2.2945787e-02  -2.2435113e-02  -2.1821507e-02  -2.1084573e-02  -2.0200111e-02  -1.9139555e-02  -1.7869458e-02  -1.6351115e-02  -1.4540553e-02  -1.2389367e-02  -9.8474433e-03  -6.8704444e-03  -3.4419360e-03   0.0000000e+00   3.4419360e-03
  -2.4563216e-02  -2.4553002e-02  -2.4540715e-02  -2.4525935e-02  -2.4508155e-02  -2.4486767e-02  -2.4461039e-02  -2.4430090e-02  -2.4392859e-02  -2.4348073e-02  -2.4294198e-02  -2.4229388e-02  -2.4151426e-02  -2.4057641e-02  -2.3944824e-02  -2.3809114e-02  -2.3645871e-02  -2.3449517e-02  -2.3213350e-02  -2.2929323e-02  -2.2587781e-02  -2.2177149e-02  -2.1683578e-02  -2.1090520e-02  -2.0378263e-02  -1.9523416e-02  -1.8498370e-02  -1.7270798e-02  -1.5803290e-02  -1.4053347e-02  -1.1974182e-02  -9.5173284e-03  -6.6397932e-03  -3.3254834e-03   0.0000000e+00   3.3254834e-03
  -2.3733964e-02  -2.3724094e-02  -2.3712222e-02  -2.3697941e-02  -2.3680761e-02  -2.3660096e-02  -2.3635236e-02  -2.3605331e-02  -2.3569358e-02  -2.3526084e-02  -2.3474027e-02  -2.3411406e-02  -2.3336075e-02  -2.3245456e-02  -2.3136448e-02  -2.3005319e-02  -2.2847587e-02  -2.2657861e-02  -2.2429666e-02  -2.2155226e-02  -2.1825211e-02  -2.1428440e-02  -2.0951527e-02  -2.0378484e-02  -1.9690264e-02  -1.8864265e-02  -1.7873810e-02  -1.6687660e-02  -1.5269669e-02  -1.3578775e-02  -1.1569770e-02  -9.1958163e-03  -6.4153146e-03  -3.2125951e-03   0.0000000e+00   3.2125951e-03
  -2.2926211e-02  -2.2916677e-02  -2.2905209e-02  -2.2891413e-02  -2.2874819e-02  -2.2854856e-02  -2.2830843e-02  -2.2801956e-02  -2.2767207e-02  -2.2725405e-02  -2.2675120e-02  -2.2614630e-02  -2.2541863e-02  -2.2454328e-02  -2.2349029e-02  -2.2222363e-02  -2.2069998e-02  -2.1886729e-02  -2.1666299e-02  -2.1401197e-02  -2.1082413e-02  -2.0699142e-02  -2.0238455e-02  -1.9684909e-02  -1.9020103e-02  -1.8222205e-02  -1.7265442e-02  -1.6119642e-02  -1.4749885e-02  -1.3116509e-02  -1.1175847e-02  -8.8826589e-03  -6.1967447e-03  -3.1029084e-03   0.0000000e+00   3.1029084e-03
  -2.2139399e-02  -2.2130192e-02  -2.2119118e-02  -2.2105796e-02  -2.2089771e-02  -2.2070493e-02  -2.2047304e-02  -2.2019408e-02  -2.1985852e-02  -2.1945485e-02  -2.1896926e-02  -2.1838511e-02  -2.1768241e-02  -2.1683710e-02  -2.1582025e-02  -2.1459706e-02  -2.1312570e-02  -2.1135589e-02  -2.0922723e-02  -2.0666718e-02  -2.0358871e-02  -1.9988751e-02  -1.9543871e-02  -1.9009316e-02  -1.8367317e-02  -1.7596790e-02  -1.6672848e-02  -1.5566351e-02  -1.4243579e-02  -1.2666230e-02  -1.0792140e-02  -8.5776317e-03  -5.9838890e-03  -2.9962129e-03   0.0000000e+00   2.9962129e-03
  -2.1372986e-02  -2.1364098e-02  -2.1353407e-02  -2.1340546e-02  -2.1325076e-02  -2.1306466e-02  -2.1284079e-02  -2.1257149e-02  -2.1224754e-02  -2.1185785e-02  -2.1138906e-02  -2.1082514e-02  -2.1014677e-02  -2.0933072e-02  -2.0834906e-02  -2.0716821e-02  -2.0574778e-02  -2.0403923e-02  -2.0198425e-02  -1.9951281e-02  -1.9654089e-02  -1.9296778e-02  -1.8867294e-02  -1.8351238e-02  -1.7731456e-02  -1.6987591e-02  -1.6095619e-02  -1.5027406e-02  -1.3750400e-02  -1.2227627e-02  -1.0418387e-02  -8.2805251e-03  -5.7765921e-03  -2.8923811e-03   0.0000000e+00   2.8923811e-03
  -2.0626443e-02  -2.0617866e-02  -2.0607548e-02  -2.0595136e-02  -2.0580206e-02  -2.0562246e-02  -2.0540641e-02  -2.0514652e-02  -2.0483389e-02  -2.0445780e-02  -2.0400539e-02  -2.0346117e-02  -2.0280649e-02  -2.0201894e-02  -2.0107157e-02  -1.9993196e-02  -1.9856114e-02  -1.9691226e-02  -1.9492905e-02  -1.9254392e-02  -1.8967578e-02  -1.8622745e-02  -1.8208259e-02  -1.7710222e-02  -1.7112080e-02  -1.6394187e-02  -1.5533356e-02  -1.4502435e-02  -1.3270010e-02  -1.1800399e-02  -1.0054331e-02  -7.9911452e-03  -5.5747296e-03  -2.7913398e-03   0.0000000e+00   2.7913398e-03
  -1.9899254e-02  -1.9890980e-02  -1.9881026e-02  -1.9869052e-02  -1.9854648e-02  -1.9837321e-02  -1.9816478e-02  -1.9791405e-02  -1.9761244e-02  -1.9724961e-02  -1.9681315e-02  -1.9628811e-02  -1.9565651e-02  -1.9489673e-02  -1.9398275e-02  -1.9288332e-02  -1.9156082e-02  -1.8997007e-02  -1.8805676e-02  -1.8575570e-02  -1.8298867e-02  -1.7966187e-02  -1.7566309e-02  -1.7085825e-02  -1.6508763e-02  -1.5816168e-02  -1.4985670e-02  -1.3991076e-02  -1.2802077e-02  -1.1384253e-02  -9.6997330e-03  -7.7093239e-03  -5.3782198e-03  -2.6930650e-03   0.0000000e+00   2.6930650e-03
  -1.9190919e-02  -1.9182939e-02  -1.9173339e-02  -1.9161791e-02  -1.9147900e-02  -1.9131190e-02  -1.9111089e-02  -1.9086908e-02  -1.9057821e-02  -1.9022830e-02  -1.8980737e-02  -1.8930102e-02  -1.8869190e-02  -1.8795916e-02  -1.8707772e-02  -1.8601742e-02  -1.8474199e-02  -1.8320785e-02  -1.8136264e-02  -1.7914348e-02  -1.7647492e-02  -1.7326652e-02  -1.6941004e-02  -1.6477617e-02  -1.5921088e-02  -1.5253135e-02  -1.4452185e-02  -1.3492976e-02  -1.2346280e-02  -1.0978914e-02  -9.3543847e-03  -7.4349497e-03  -5.1870574e-03  -2.5975961e-03   0.0000000e+00   2.5975961e-03
  -1.8500948e-02  -1.8493254e-02  -1.8484000e-02  -1.8472867e-02  -1.8459475e-02  -1.8443366e-02  -1.8423988e-02  -1.8400677e-02  -1.8372635e-02  -1.8338902e-02  -1.8298322e-02  -1.8249508e-02  -1.8190786e-02  -1.8120146e-02  -1.8035171e-02  -1.7932952e-02  -1.7809994e-02  -1.7662095e-02  -1.7484208e-02  -1.7270268e-02  -1.7013004e-02  -1.6703696e-02  -1.6331909e-02  -1.5885177e-02  -1.5348649e-02  -1.4704701e-02  -1.3932534e-02  -1.3007796e-02  -1.1902321e-02  -1.0584147e-02  -9.0181582e-03  -7.1680400e-03  -5.0013844e-03  -2.5050708e-03   0.0000000e+00   2.5050708e-03
  -1.7828864e-02  -1.7821451e-02  -1.7812532e-02  -1.7801804e-02  -1.7788899e-02  -1.7773375e-02  -1.7754700e-02  -1.7732236e-02  -1.7705213e-02  -1.7672705e-02  -1.7633600e-02  -1.7586558e-02  -1.7529969e-02  -1.7461895e-02  -1.7380007e-02  -1.7281501e-02  -1.7163010e-02  -1.7020483e-02  -1.6849056e-02  -1.6642887e-02  -1.6394967e-02  -1.6096892e-02  -1.5738607e-02  -1.5308097e-02  -1.4791052e-02  -1.4170488e-02  -1.3426363e-02  -1.2535225e-02  -1.1469962e-02  -1.0199848e-02  -8.6911470e-03  -6.9089028e-03  -4.8216172e-03  -2.4157794e-03   0.0000000e+00   2.4157794e-03
  -1.7174206e-02  -1.7167064e-02  -1.7158473e-02  -1.7148139e-02  -1.7135707e-02  -1.7120753e-02  -1.7102764e-02  -1.7081125e-02  -1.7055094e-02  -1.7023780e-02  -1.6986111e-02  -1.6940796e-02  -1.6886285e-02  -1.6820711e-02  -1.6741829e-02  -1.6646939e-02  -1.6532798e-02  -1.6395504e-02  -1.6230371e-02  -1.6031771e-02  -1.5792951e-02  -1.5505819e-02  -1.5160686e-02  -1.4745981e-02  -1.4247919e-02  -1.3650149e-02  -1.2933385e-02  -1.2075085e-02  -1.1049227e-02  -9.8263425e-03  -8.3740241e-03  -6.6584568e-03  -4.6486459e-03  -2.3302361e-03   0.0000000e+00   2.3302361e-03
  -1.6536519e-02  -1.6529643e-02  -1.6521371e-02  -1.6511420e-02  -1.6499451e-02  -1.6485052e-02  -1.6467731e-02  -1.6446896e-02  -1.6421832e-02  -1.6391682e-02  -1.6355412e-02  -1.6311782e-02  -1.6259297e-02  -1.6196160e-02  -1.6120210e-02  -1.6028847e-02  -1.5918948e-02  -1.5786756e-02  -1.5627757e-02  -1.5436534e-02  -1.5206584e-02  -1.4930114e-02  -1.4597800e-02  -1.4198510e-02  -1.3718996e-02  -1.3143562e-02  -1.2453724e-02  -1.1627900e-02  -1.0641177e-02  -9.4652636e-03  -8.0688255e-03  -6.4187591e-03  -4.4840801e-03  -2.2492440e-03   0.0000000e+00   2.2492440e-03
  -1.5915365e-02  -1.5908726e-02  -1.5900741e-02  -1.5891137e-02  -1.5879586e-02  -1.5865692e-02  -1.5848981e-02  -1.5828882e-02  -1.5804708e-02  -1.5775633e-02  -1.5740663e-02  -1.5698603e-02  -1.5648016e-02  -1.5587175e-02  -1.5514003e-02  -1.5426002e-02  -1.5320171e-02  -1.5192905e-02  -1.5039872e-02  -1.4855874e-02  -1.4634679e-02  -1.4368816e-02  -1.4049355e-02  -1.3665636e-02  -1.3204980e-02  -1.2652364e-02  -1.1990088e-02  -1.1197439e-02  -1.0250413e-02  -9.1215665e-03  -7.7802249e-03  -6.1935908e-03  -4.3304087e-03  -2.1739059e-03   0.0000000e+00   2.1739059e-03
  -1.5339042e-02  -1.5332562e-02  -1.5324772e-02  -1.5315406e-02  -1.5304147e-02  -1.5290612e-02  -1.5274340e-02  -1.5254780e-02  -1.5231266e-02  -1.5202999e-02  -1.5169021e-02  -1.5128179e-02  -1.5079087e-02  -1.5020083e-02  -1.4949168e-02  -1.4863944e-02  -1.4761533e-02  -1.4638482e-02  -1.4490650e-02  -1.4313073e-02  -1.4099807e-02  -1.3843738e-02  -1.3536361e-02  -1.3167522e-02  -1.2725116e-02  -1.2194755e-02  -1.1559400e-02  -1.0799001e-02  -9.8901808e-03  -8.8060504e-03  -7.5163579e-03  -5.9884644e-03  -4.1908077e-03  -2.1055161e-03   0.0000000e+00   2.1055161e-03
  -1.4866445e-02  -1.4860056e-02  -1.4852380e-02  -1.4843157e-02  -1.4832076e-02  -1.4818762e-02  -1.4802767e-02  -1.4783549e-02  -1.4760460e-02  -1.4732722e-02  -1.4699400e-02  -1.4659370e-02  -1.4611286e-02  -1.4553529e-02  -1.4484159e-02  -1.4400848e-02  -1.4300807e-02  -1.4180690e-02  -1.4036493e-02  -1.3863422e-02  -1.3655745e-02  -1.3406613e-02  -1.3107856e-02  -1.2749736e-02  -1.2320669e-02  -1.1806895e-02  -1.1192114e-02  -1.0457078e-02  -9.5791995e-03  -8.5322572e-03  -7.2864209e-03  -5.8091202e-03  -4.0683931e-03  -2.0453069e-03   0.0000000e+00   2.0453069e-03
  -1.4488278e-02  -1.4481966e-02  -1.4474385e-02  -1.4465281e-02  -1.4454348e-02  -1.4441217e-02  -1.4425449e-02  -1.4406513e-02  -1.4383774e-02  -1.4356468e-02  -1.4323680e-02  -1.4284310e-02  -1.4237042e-02  -1.4180293e-02  -1.4112168e-02  -1.4030394e-02  -1.3932248e-02  -1.3814470e-02  -1.3673158e-02  -1.3503646e-02  -1.3300357e-02  -1.3056637e-02  -1.2764555e-02  -1.2414670e-02  -1.1995764e-02  -1.1494539e-02  -1.0895261e-02  -1.0179370e-02  -9.3250567e-03  -8.3068928e-03  -7.0956934e-03  -5.6591983e-03  -3.9652636e-03  -1.9941473e-03   0.0000000e+00   1.9941473e-03
  -1.4194597e-02  -1.4188347e-02  -1.4180844e-02  -1.4171836e-02  -1.4161022e-02  -1.4148040e-02  -1.4132454e-02  -1.4113745e-02  -1.4091285e-02  -1.4064325e-02  -1.4031963e-02  -1.3993120e-02  -1.3946500e-02  -1.3890551e-02  -1.3823411e-02  -1.3742852e-02  -1.3646202e-02  -1.3530267e-02  -1.3391223e-02  -1.3224502e-02  -1.3024648e-02  -1.2785153e-02  -1.2498265e-02  -1.2154761e-02  -1.1743691e-02  -1.1252078e-02  -1.0664585e-02  -9.9631360e-03  -9.1265036e-03  -8.1299180e-03  -6.9448523e-03  -5.5395542e-03  -3.8820694e-03  -1.9523564e-03   0.0000000e+00   1.9523564e-03
  -1.3977081e-02  -1.3970880e-02  -1.3963437e-02  -1.3954503e-02  -1.3943780e-02  -1.3930910e-02  -1.3915464e-02  -1.3896926e-02  -1.3874678e-02  -1.3847979e-02  -1.3815939e-02  -1.3777493e-02  -1.3731362e-02  -1.3676015e-02  -1.3609616e-02  -1.3529968e-02  -1.3434440e-02  -1.3319883e-02  -1.3182535e-02  -1.3017899e-02  -1.2820606e-02  -1.2584258e-02  -1.2301232e-02  -1.1962465e-02  -1.1557198e-02  -1.1072684e-02  -1.0493858e-02  -9.8029633e-03  -8.9791501e-03  -7.9980850e-03  -6.8317415e-03  -5.4489090e-03  -3.8181417e-03  -1.9196842e-03   0.0000000e+00   1.9196842e-03
  -1.3828689e-02  -1.3822521e-02  -1.3815119e-02  -1.3806237e-02  -1.3795577e-02  -1.3782786e-02  -1.3767436e-02  -1.3749018e-02  -1.3726917e-02  -1.3700398e-02  -1.3668582e-02  -1.3630410e-02  -1.3584616e-02  -1.3529683e-02  -1.3463794e-02  -1.3384773e-02  -1.3290015e-02  -1.3176405e-02  -1.3040220e-02  -1.2877011e-02  -1.2681471e-02  -1.2447272e-02  -1.2166881e-02  -1.1831339e-02  -1.1430014e-02  -1.0950303e-02  -1.0377306e-02  -9.6934449e-03  -8.8780685e-03  -7.9070874e-03  -6.7528307e-03  -5.3846366e-03  -3.7718165e-03  -1.8953968e-03   0.0000000e+00   1.8953968e-03
  -1.3743394e-02  -1.3737246e-02  -1.3729869e-02  -1.3721016e-02  -1.3710393e-02  -1.3697647e-02  -1.3682354e-02  -1.3664004e-02  -1.3641988e-02  -1.3615574e-02  -1.3583886e-02  -1.3545873e-02  -1.3500273e-02  -1.3445580e-02  -1.3379985e-02  -1.3301324e-02  -1.3207009e-02  -1.3093942e-02  -1.2958422e-02  -1.2796029e-02  -1.2601486e-02  -1.2368505e-02  -1.2089596e-02  -1.1755849e-02  -1.1356681e-02  -1.0879543e-02  -1.0309579e-02  -9.6292586e-03  -8.8180083e-03  -7.8519060e-03  -6.7036308e-03  -5.3431484e-03  -3.7407019e-03  -1.8783977e-03   0.0000000e+00   1.8783977e-03
  -1.3716000e-02  -1.3709858e-02  -1.3702488e-02  -1.3693644e-02  -1.3683033e-02  -1.3670301e-02  -1.3655025e-02  -1.3636696e-02  -1.3614706e-02  -1.3588323e-02  -1.3556673e-02  -1.3518705e-02  -1.3473161e-02  -1.3418534e-02  -1.3353019e-02  -1.3274453e-02  -1.3180249e-02  -1.3067312e-02  -1.2931942e-02  -1.2769718e-02  -1.2575362e-02  -1.2342577e-02  -1.2063860e-02  -1.1730280e-02  -1.1331224e-02  -1.0854105e-02  -1.0284042e-02  -9.6035210e-03  -8.7920686e-03  -7.8260021e-03  -6.6784316e-03  -5.3199965e-03  -3.7218887e-03  -1.8673613e-03   0.0000000e+00   1.8673613e-03
  -1.3735769e-02  -1.3729619e-02  -1.3722238e-02  -1.3713382e-02  -1.3702756e-02  -1.3690004e-02  -1.3674704e-02  -1.3656346e-02  -1.3634319e-02  -1.3607891e-02  -1.3576182e-02  -1.3538141e-02  -1.3492504e-02  -1.3437756e-02  -1.3372085e-02  -1.3293318e-02  -1.3198851e-02  -1.3085569e-02  -1.2949746e-02  -1.2786926e-02  -1.2591788e-02  -1.2357984e-02  -1.2077951e-02  -1.1742702e-02  -1.1341575e-02  -1.0861962e-02  -1.0289005e-02  -9.6052739e-03  -8.7904514e-03  -7.8211016e-03  -6.6707109e-03  -5.3104899e-03  -3.7124695e-03  -1.8610028e-03   0.0000000e+00   1.8610028e-03
  -1.3762346e-02  -1.3756184e-02  -1.3748789e-02  -1.3739916e-02  -1.3729269e-02  -1.3716494e-02  -1.3701164e-02  -1.3682770e-02  -1.3660700e-02  -1.3634220e-02  -1.3602449e-02  -1.3564332e-02  -1.3518602e-02  -1.3463744e-02  -1.3397937e-02  -1.3319005e-02  -1.3224336e-02  -1.3110807e-02  -1.2974679e-02  -1.2811482e-02  -1.2615873e-02  -1.2381475e-02  -1.2100687e-02  -1.1764467e-02  -1.1362079e-02  -1.0880827e-02  -1.0305758e-02  -9.6193656e-03  -8.8013213e-03  -7.8282970e-03  -6.6740574e-03  -5.3103176e-03  -3.7098954e-03  -1.8582315e-03   0.0000000e+00   1.8582315e-03
  -1.3789630e-02  -1.3783456e-02  -1.3776047e-02  -1.3767156e-02  -1.3756488e-02  -1.3743687e-02  -1.3728327e-02  -1.3709896e-02  -1.3687783e-02  -1.3661250e-02  -1.3629416e-02  -1.3591223e-02  -1.3545403e-02  -1.3490436e-02  -1.3424499e-02  -1.3345410e-02  -1.3250553e-02  -1.3136799e-02  -1.3000400e-02  -1.2836877e-02  -1.2640876e-02  -1.2406006e-02  -1.2124645e-02  -1.1787724e-02  -1.1384471e-02  -1.0902130e-02  -1.0325667e-02  -9.6374675e-03  -8.8170872e-03  -7.8411195e-03  -6.6833747e-03  -5.3158397e-03  -3.7119307e-03  -1.8580675e-03   0.0000000e+00   1.8580675e-03
  -1.3817641e-02  -1.3811454e-02  -1.3804029e-02  -1.3795121e-02  -1.3784431e-02  -1.3771604e-02  -1.3756213e-02  -1.3737745e-02  -1.3715586e-02  -1.3688999e-02  -1.3657101e-02  -1.3618830e-02  -1.3572917e-02  -1.3517838e-02  -1.3451767e-02  -1.3372517e-02  -1.3277468e-02  -1.3163483e-02  -1.3026807e-02  -1.2862952e-02  -1.2666553e-02  -1.2431204e-02  -1.2149271e-02  -1.1811663e-02  -1.1407583e-02  -1.0924245e-02  -1.0346566e-02  -9.6568647e-03  -8.8345989e-03  -7.8562451e-03  -6.6955235e-03  -5.3244611e-03  -3.7167907e-03  -1.8596607e-03   0.0000000e+00   1.8596607e-03
  -1.3846396e-02  -1.3840196e-02  -1.3832757e-02  -1.3823830e-02  -1.3813117e-02  -1.3800264e-02  -1.3784840e-02  -1.3766334e-02  -1.3744130e-02  -1.3717488e-02  -1.3685523e-02  -1.3647172e-02  -1.3601164e-02  -1.3545970e-02  -1.3479762e-02  -1.3400347e-02  -1.3305100e-02  -1.3190877e-02  -1.3053917e-02  -1.2889720e-02  -1.2692912e-02  -1.2457074e-02  -1.2174553e-02  -1.1836242e-02  -1.1431320e-02  -1.0946973e-02  -1.0368085e-02  -9.6769281e-03  -8.8528962e-03  -7.8723763e-03  -6.7089816e-03  -5.3346695e-03  -3.7232677e-03  -1.8623658e-03   0.0000000e+00   1.8623658e-03
  -1.3875918e-02  -1.3869704e-02  -1.3862249e-02  -1.3853303e-02  -1.3842568e-02  -1.3829687e-02  -1.3814230e-02  -1.3795685e-02  -1.3773433e-02  -1.3746734e-02  -1.3714701e-02  -1.3676269e-02  -1.3630162e-02  -1.3574851e-02  -1.3508501e-02  -1.3428917e-02  -1.3333467e-02  -1.3219000e-02  -1.3081748e-02  -1.2917202e-02  -1.2719973e-02  -1.2483632e-02  -1.2200509e-02  -1.1861476e-02  -1.1455690e-02  -1.0970309e-02  -1.0390184e-02  -9.6975496e-03  -8.8717480e-03  -7.8891004e-03  -6.7231336e-03  -5.3457139e-03  -3.7306491e-03  -1.8657463e-03   0.0000000e+00   1.8657463e-03
  -1.3906225e-02  -1.3899998e-02  -1.3892526e-02  -1.3883560e-02  -1.3872802e-02  -1.3859893e-02  -1.3844403e-02  -1.3825817e-02  -1.3803516e-02  -1.3776759e-02  -1.3744655e-02  -1.3706140e-02  -1.3659932e-02  -1.3604500e-02  -1.3538006e-02  -1.3458247e-02  -1.3362589e-02  -1.3247872e-02  -1.3110320e-02  -1.2945414e-02  -1.2747755e-02  -1.2510897e-02  -1.2227155e-02  -1.1887381e-02  -1.1480708e-02  -1.0994266e-02  -1.0412873e-02  -9.7187237e-03  -8.8911145e-03  -7.9063101e-03  -6.7377667e-03  -5.3572675e-03  -3.7385608e-03  -1.8695353e-03   0.0000000e+00   1.8695353e-03
  -1.3937338e-02  -1.3931097e-02  -1.3923609e-02  -1.3914623e-02  -1.3903841e-02  -1.3890902e-02  -1.3875378e-02  -1.3856750e-02  -1.3834400e-02  -1.3807582e-02  -1.3775408e-02  -1.3736806e-02  -1.3690495e-02  -1.3634938e-02  -1.3568295e-02  -1.3488359e-02  -1.3392486e-02  -1.3277513e-02  -1.3139653e-02  -1.2974377e-02  -1.2776276e-02  -1.2538888e-02  -1.2254511e-02  -1.1913976e-02  -1.1506392e-02  -1.1018861e-02  -1.0436166e-02  -9.7404622e-03  -8.9109990e-03  -7.9239873e-03  -6.7528194e-03  -5.3692051e-03  -3.7468254e-03  -1.8735836e-03   0.0000000e+00   1.8735836e-03
  -1.3969280e-02  -1.3963025e-02  -1.3955519e-02  -1.3946513e-02  -1.3935705e-02  -1.3922738e-02  -1.3907178e-02  -1.3888507e-02  -1.3866105e-02  -1.3839227e-02  -1.3806978e-02  -1.3768288e-02  -1.3721871e-02  -1.3666187e-02  -1.3599391e-02  -1.3519271e-02  -1.3423179e-02  -1.3307942e-02  -1.3169766e-02  -1.3004112e-02  -1.2805556e-02  -1.2567624e-02  -1.2282595e-02  -1.1941279e-02  -1.1532760e-02  -1.1044111e-02  -1.0460080e-02  -9.7627795e-03  -8.9314135e-03  -7.9421373e-03  -6.7682812e-03  -5.3814863e-03  -3.7553674e-03  -1.8778142e-03   0.0000000e+00   1.8778142e-03
  -1.4002072e-02  -1.3995802e-02  -1.3988279e-02  -1.3979251e-02  -1.3968418e-02  -1.3955420e-02  -1.3939824e-02  -1.3921109e-02  -1.3898655e-02  -1.3871713e-02  -1.3839389e-02  -1.3800608e-02  -1.3754082e-02  -1.3698267e-02  -1.3631315e-02  -1.3551007e-02  -1.3454688e-02  -1.3339181e-02  -1.3200680e-02  -1.3034637e-02  -1.2835615e-02  -1.2597124e-02  -1.2311426e-02  -1.1969308e-02  -1.1559830e-02  -1.1070033e-02  -1.0484630e-02  -9.7856911e-03  -8.9523718e-03  -7.9607713e-03  -6.7841571e-03  -5.3941028e-03  -3.7641588e-03  -1.8821910e-03   0.0000000e+00   1.8821910e-03
  -1.4035736e-02  -1.4029451e-02  -1.4021910e-02  -1.4012861e-02  -1.4002002e-02  -1.3988973e-02  -1.3973339e-02  -1.3954579e-02  -1.3932071e-02  -1.3905064e-02  -1.3872662e-02  -1.3833788e-02  -1.3787150e-02  -1.3731201e-02  -1.3664088e-02  -1.3583587e-02  -1.3487037e-02  -1.3371252e-02  -1.3232418e-02  -1.3065976e-02  -1.2866475e-02  -1.2627410e-02  -1.2341024e-02  -1.1998084e-02  -1.1587621e-02  -1.1096645e-02  -1.0509833e-02  -9.8092128e-03  -8.9738882e-03  -7.9799017e-03  -6.8004565e-03  -5.4070581e-03  -3.7731926e-03  -1.8866987e-03   0.0000000e+00   1.8866987e-03
  -1.4070297e-02  -1.4063997e-02  -1.4056437e-02  -1.4047365e-02  -1.4036480e-02  -1.4023418e-02  -1.4007746e-02  -1.3988940e-02  -1.3966376e-02  -1.3939303e-02  -1.3906821e-02  -1.3867851e-02  -1.3821099e-02  -1.3765012e-02  -1.3697733e-02  -1.3617034e-02  -1.3520246e-02  -1.3404176e-02  -1.3265000e-02  -1.3098148e-02  -1.2898156e-02  -1.2658502e-02  -1.2371411e-02  -1.2027626e-02  -1.1616151e-02  -1.1123966e-02  -1.0535708e-02  -9.8333608e-03  -8.9959777e-03  -7.9995417e-03  -6.8171905e-03  -5.4203595e-03  -3.7824701e-03  -1.8913326e-03   0.0000000e+00   1.8913326e-03
  -1.4105777e-02  -1.4099461e-02  -1.4091882e-02  -1.4082788e-02  -1.4071875e-02  -1.4058780e-02  -1.4043068e-02  -1.4024215e-02  -1.4001595e-02  -1.3974454e-02  -1.3941890e-02  -1.3902821e-02  -1.3855951e-02  -1.3799723e-02  -1.3732274e-02  -1.3651371e-02  -1.3554339e-02  -1.3437976e-02  -1.3298450e-02  -1.3131177e-02  -1.2930680e-02  -1.2690422e-02  -1.2402606e-02  -1.2057954e-02  -1.1645441e-02  -1.1152014e-02  -1.0562271e-02  -9.8581518e-03  -9.0186555e-03  -8.0197050e-03  -6.8343703e-03  -5.4340156e-03  -3.7919960e-03  -1.8960925e-03   0.0000000e+00   1.8960925e-03
  -1.4142202e-02  -1.4135870e-02  -1.4128271e-02  -1.4119153e-02  -1.4108212e-02  -1.4095084e-02  -1.4079331e-02  -1.4060430e-02  -1.4037750e-02  -1.4010539e-02  -1.3977891e-02  -1.3938722e-02  -1.3891730e-02  -1.3835357e-02  -1.3767734e-02  -1.3686623e-02  -1.3589340e-02  -1.3472677e-02  -1.3332790e-02  -1.3165084e-02  -1.2964070e-02  -1.2723191e-02  -1.2434632e-02  -1.2089089e-02  -1.1675511e-02  -1.1180808e-02  -1.0589542e-02  -9.8836029e-03  -9.0419372e-03  -8.0404053e-03  -6.8520080e-03  -5.4480359e-03  -3.8017763e-03  -1.9009802e-03   0.0000000e+00   1.9009802e-03
  -1.4179596e-02  -1.4173247e-02  -1.4165629e-02  -1.4156487e-02  -1.4145517e-02  -1.4132354e-02  -1.4116559e-02  -1.4097608e-02  -1.4074869e-02  -1.4047585e-02  -1.4014851e-02  -1.3975578e-02  -1.3928462e-02  -1.3871940e-02  -1.3804138e-02  -1.3722812e-02  -1.3625272e-02  -1.3508300e-02  -1.3368044e-02  -1.3199895e-02  -1.2998349e-02  -1.2756833e-02  -1.2467510e-02  -1.2121053e-02  -1.1706380e-02  -1.1210369e-02  -1.0617538e-02  -9.9097317e-03  -9.0658389e-03  -8.0616570e-03  -6.8701156e-03  -5.4624299e-03  -3.8118175e-03  -1.9059988e-03   0.0000000e+00   1.9059988e-03
  -1.4217986e-02  -1.4211620e-02  -1.4203980e-02  -1.4194814e-02  -1.4183814e-02  -1.4170615e-02  -1.4154778e-02  -1.4135775e-02  -1.4112975e-02  -1.4085618e-02  -1.4052795e-02  -1.4013415e-02  -1.3966172e-02  -1.3909497e-02  -1.3841511e-02  -1.3759965e-02  -1.3662161e-02  -1.3544872e-02  -1.3404236e-02  -1.3235632e-02  -1.3033540e-02  -1.2791370e-02  -1.2501263e-02  -1.2153868e-02  -1.1738072e-02  -1.1240717e-02  -1.0646280e-02  -9.9365561e-03  -9.0903770e-03  -8.0834747e-03  -6.8887056e-03  -5.4772075e-03  -3.8221265e-03  -1.9111514e-03   0.0000000e+00   1.9111514e-03
  -1.4257397e-02  -1.4251013e-02  -1.4243353e-02  -1.4234161e-02  -1.4223131e-02  -1.4209895e-02  -1.4194014e-02  -1.4174959e-02  -1.4152095e-02  -1.4124662e-02  -1.4091748e-02  -1.4052260e-02  -1.4004885e-02  -1.3948053e-02  -1.3879879e-02  -1.3798107e-02  -1.3700032e-02  -1.3582418e-02  -1.3441391e-02  -1.3272319e-02  -1.3069667e-02  -1.2826826e-02  -1.2535915e-02  -1.2187556e-02  -1.1770607e-02  -1.1271873e-02  -1.0675788e-02  -9.9640947e-03  -9.1155686e-03  -8.1058735e-03  -6.9077908e-03  -5.4923790e-03  -3.8327105e-03  -1.9164415e-03   0.0000000e+00   1.9164415e-03
  -1.4297858e-02  -1.4291456e-02  -1.4283773e-02  -1.4274555e-02  -1.4263494e-02  -1.4250221e-02  -1.4234295e-02  -1.4215185e-02  -1.4192256e-02  -1.4164746e-02  -1.4131738e-02  -1.4092138e-02  -1.4044629e-02  -1.3987635e-02  -1.3919268e-02  -1.3837263e-02  -1.3738910e-02  -1.3620962e-02  -1.3479535e-02  -1.3309984e-02  -1.3106756e-02  -1.2863226e-02  -1.2571489e-02  -1.2222141e-02  -1.1804009e-02  -1.1303858e-02  -1.0706080e-02  -9.9923665e-03  -9.1414309e-03  -8.1288688e-03  -6.9273845e-03  -5.5079548e-03  -3.8435766e-03  -1.9218728e-03   0.0000000e+00   1.9218728e-03
  -1.4339395e-02  -1.4332974e-02  -1.4325270e-02  -1.4316025e-02  -1.4304931e-02  -1.4291620e-02  -1.4275647e-02  -1.4256482e-02  -1.4233487e-02  -1.4205896e-02  -1.4172793e-02  -1.4133077e-02  -1.4085430e-02  -1.4028271e-02  -1.3959705e-02  -1.3877462e-02  -1.3778823e-02  -1.3660533e-02  -1.3518695e-02  -1.3348651e-02  -1.3144833e-02  -1.2900594e-02  -1.2608010e-02  -1.2257647e-02  -1.1838299e-02  -1.1336695e-02  -1.0737179e-02  -1.0021391e-02  -9.1679819e-03  -8.1524765e-03  -6.9475002e-03  -5.5239456e-03  -3.8547325e-03  -1.9274490e-03   0.0000000e+00   1.9274490e-03
  -1.4382038e-02  -1.4375598e-02  -1.4367870e-02  -1.4358598e-02  -1.4347471e-02  -1.4334120e-02  -1.4318100e-02  -1.4298878e-02  -1.4275815e-02  -1.4248142e-02  -1.4214940e-02  -1.4175106e-02  -1.4127318e-02  -1.4069989e-02  -1.4001219e-02  -1.3918731e-02  -1.3819799e-02  -1.3701157e-02  -1.3558897e-02  -1.3388347e-02  -1.3183923e-02  -1.2938958e-02  -1.2645503e-02  -1.2294098e-02  -1.1873502e-02  -1.1370406e-02  -1.0769106e-02  -1.0051188e-02  -9.1952399e-03  -8.1767130e-03  -6.9681517e-03  -5.5403626e-03  -3.8661857e-03  -1.9331740e-03   0.0000000e+00   1.9331740e-03
  -1.4425815e-02  -1.4419356e-02  -1.4411605e-02  -1.4402304e-02  -1.4391144e-02  -1.4377752e-02  -1.4361684e-02  -1.4342403e-02  -1.4319269e-02  -1.4291512e-02  -1.4258209e-02  -1.4218254e-02  -1.4170320e-02  -1.4112817e-02  -1.4043837e-02  -1.3961099e-02  -1.3861865e-02  -1.3742862e-02  -1.3600169e-02  -1.3429100e-02  -1.3224053e-02  -1.2978342e-02  -1.2683994e-02  -1.2331518e-02  -1.1909642e-02  -1.1405014e-02  -1.0801883e-02  -1.0081779e-02  -9.2232236e-03  -8.2015948e-03  -6.9893532e-03  -5.5572170e-03  -3.8779443e-03  -1.9390519e-03   0.0000000e+00   1.9390519e-03
  -1.4470758e-02  -1.4464279e-02  -1.4456504e-02  -1.4447174e-02  -1.4435979e-02  -1.4422545e-02  -1.4406427e-02  -1.4387086e-02  -1.4363880e-02  -1.4336036e-02  -1.4302630e-02  -1.4262551e-02  -1.4214467e-02  -1.4156784e-02  -1.4087590e-02  -1.4004594e-02  -1.3905051e-02  -1.3785677e-02  -1.3642539e-02  -1.3470937e-02  -1.3265251e-02  -1.3018775e-02  -1.2723509e-02  -1.2369935e-02  -1.1946744e-02  -1.1440543e-02  -1.0835533e-02  -1.0113184e-02  -9.2519524e-03  -8.2271393e-03  -7.0111195e-03  -5.5745205e-03  -3.8900164e-03  -1.9450869e-03   0.0000000e+00   1.9450869e-03
  -1.4516897e-02  -1.4510397e-02  -1.4502597e-02  -1.4493238e-02  -1.4482007e-02  -1.4468531e-02  -1.4452361e-02  -1.4432958e-02  -1.4409678e-02  -1.4381746e-02  -1.4348233e-02  -1.4308026e-02  -1.4259789e-02  -1.4201922e-02  -1.4132508e-02  -1.4049246e-02  -1.3949386e-02  -1.3829631e-02  -1.3686037e-02  -1.3513888e-02  -1.3307546e-02  -1.3060284e-02  -1.2764077e-02  -1.2409375e-02  -1.1984834e-02  -1.1477018e-02  -1.0870078e-02  -1.0145425e-02  -9.2814462e-03  -8.2533640e-03  -7.0334655e-03  -5.5922850e-03  -3.9024105e-03  -1.9512844e-03   0.0000000e+00   1.9512844e-03
  -1.4564265e-02  -1.4557743e-02  -1.4549918e-02  -1.4540528e-02  -1.4529260e-02  -1.4515740e-02  -1.4499517e-02  -1.4480052e-02  -1.4456695e-02  -1.4428672e-02  -1.4395050e-02  -1.4354711e-02  -1.4306317e-02  -1.4248262e-02  -1.4178620e-02  -1.4095088e-02  -1.3994902e-02  -1.3874756e-02  -1.3730693e-02  -1.3557982e-02  -1.3350967e-02  -1.3102897e-02  -1.2805724e-02  -1.2449864e-02  -1.2023938e-02  -1.1514464e-02  -1.0905543e-02  -1.0178524e-02  -9.3117251e-03  -8.2802870e-03  -7.0564067e-03  -5.6105229e-03  -3.9151364e-03  -1.9576530e-03   0.0000000e+00   1.9576530e-03
  -1.4612892e-02  -1.4606349e-02  -1.4598498e-02  -1.4589076e-02  -1.4577771e-02  -1.4564206e-02  -1.4547929e-02  -1.4528398e-02  -1.4504964e-02  -1.4476847e-02  -1.4443113e-02  -1.4402640e-02  -1.4354084e-02  -1.4295834e-02  -1.4225961e-02  -1.4142149e-02  -1.4041628e-02  -1.3921081e-02  -1.3776538e-02  -1.3603250e-02  -1.3395544e-02  -1.3146645e-02  -1.2848479e-02  -1.2491431e-02  -1.2064082e-02  -1.1552907e-02  -1.0941952e-02  -1.0212505e-02  -9.3428102e-03  -8.3079269e-03  -7.0799591e-03  -5.6292481e-03  -3.9282081e-03  -1.9642136e-03   0.0000000e+00   1.9642136e-03
  -1.4662814e-02  -1.4656249e-02  -1.4648371e-02  -1.4638917e-02  -1.4627573e-02  -1.4613962e-02  -1.4597629e-02  -1.4578032e-02  -1.4554518e-02  -1.4526305e-02  -1.4492455e-02  -1.4451843e-02  -1.4403122e-02  -1.4344673e-02  -1.4274561e-02  -1.4190463e-02  -1.4089599e-02  -1.3968640e-02  -1.3823603e-02  -1.3649722e-02  -1.3441306e-02  -1.3191558e-02  -1.2892373e-02  -1.2534105e-02  -1.2105295e-02  -1.1592373e-02  -1.0979330e-02  -1.0247390e-02  -9.3747230e-03  -8.3363030e-03  -7.1041401e-03  -5.6484795e-03  -3.9416585e-03  -1.9710339e-03   0.0000000e+00   1.9710339e-03
  -1.4714065e-02  -1.4707477e-02  -1.4699571e-02  -1.4690084e-02  -1.4678701e-02  -1.4665042e-02  -1.4648652e-02  -1.4628986e-02  -1.4605390e-02  -1.4577078e-02  -1.4543110e-02  -1.4502357e-02  -1.4453465e-02  -1.4394812e-02  -1.4324455e-02  -1.4240063e-02  -1.4138846e-02  -1.4017464e-02  -1.3871920e-02  -1.3697432e-02  -1.3488287e-02  -1.3237666e-02  -1.2937435e-02  -1.2577914e-02  -1.2147605e-02  -1.1632890e-02  -1.1017703e-02  -1.0283203e-02  -9.4074858e-03  -8.3654371e-03  -7.1289760e-03  -5.6682661e-03  -3.9556069e-03  -1.9783623e-03   0.0000000e+00   1.9783623e-03
  -1.4766680e-02  -1.4760068e-02  -1.4752134e-02  -1.4742613e-02  -1.4731189e-02  -1.4717481e-02  -1.4701033e-02  -1.4681297e-02  -1.4657616e-02  -1.4629203e-02  -1.4595114e-02  -1.4554215e-02  -1.4505148e-02  -1.4446285e-02  -1.4375676e-02  -1.4290982e-02  -1.4189404e-02  -1.4067588e-02  -1.3921523e-02  -1.3746411e-02  -1.3536519e-02  -1.3285001e-02  -1.2983696e-02  -1.2622889e-02  -1.2191041e-02  -1.1674485e-02  -1.1057098e-02  -1.0319972e-02  -9.4411269e-03  -8.3953698e-03  -7.1545529e-03  -5.6888252e-03  -3.9705664e-03  -1.9871423e-03   0.0000000e+00   1.9871423e-03
  -1.4820696e-02  -1.4814059e-02  -1.4806096e-02  -1.4796541e-02  -1.4785075e-02  -1.4771317e-02  -1.4754808e-02  -1.4735000e-02  -1.4711233e-02  -1.4682716e-02  -1.4648501e-02  -1.4607453e-02  -1.4558206e-02  -1.4499129e-02  -1.4428261e-02  -1.4343258e-02  -1.4241307e-02  -1.4119046e-02  -1.3972447e-02  -1.3796694e-02  -1.3586034e-02  -1.3333595e-02  -1.3031188e-02  -1.2669062e-02  -1.2235634e-02  -1.1717190e-02  -1.1097550e-02  -1.0357745e-02  -9.4757406e-03  -8.4263174e-03  -7.1813850e-03  -5.7113072e-03  -3.9888107e-03  -2.0009732e-03   0.0000000e+00   2.0009732e-03
  -1.4876149e-02  -1.4869487e-02  -1.4861495e-02  -1.4851903e-02  -1.4840395e-02  -1.4826585e-02  -1.4810015e-02  -1.4790132e-02  -1.4766276e-02  -1.4737652e-02  -1.4703310e-02  -1.4662108e-02  -1.4612677e-02  -1.4553379e-02  -1.4482246e-02  -1.4396924e-02  -1.4294593e-02  -1.4171874e-02  -1.4024726e-02  -1.3848316e-02  -1.3636868e-02  -1.3383486e-02  -1.3079951e-02  -1.2716478e-02  -1.2281449e-02  -1.1761112e-02  -1.1139265e-02  -1.0396948e-02  -9.5122054e-03  -8.4600528e-03  -7.2128769e-03  -5.7418012e-03  -4.0201988e-03  -2.0334382e-03   0.0000000e+00   2.0334382e-03
  -1.4933077e-02  -1.4926391e-02  -1.4918367e-02  -1.4908739e-02  -1.4897187e-02  -1.4883324e-02  -1.4866690e-02  -1.4846732e-02  -1.4822785e-02  -1.4794052e-02  -1.4759578e-02  -1.4718219e-02  -1.4668600e-02  -1.4609076e-02  -1.4537673e-02  -1.4452030e-02  -1.4349314e-02  -1.4226139e-02  -1.4078451e-02  -1.3901405e-02  -1.3689215e-02  -1.3434979e-02  -1.3130479e-02  -1.2765951e-02  -1.2329828e-02  -1.1808465e-02  -1.1185860e-02  -1.0443406e-02  -9.5597336e-03  -8.5107675e-03  -7.2701756e-03  -5.8105010e-03  -4.1054314e-03  -2.1346051e-03   0.0000000e+00   2.1346051e-03
