   0.0000000e+00   0.0000000e+00   0.0000000e+00   0.0000000e+00   0.0000000e+00   0.0000000e+00   0.0000000e+00   0.0000000e+00   0.0000000e+00   0.0000000e+00   0.0000000e+00   0.0000000e+00
   1.6009208e-03   1.6009208e-03   1.6009208e-03   1.6009208e-03   1.6009208e-03   1.6009208e-03   1.6009208e-03   1.6009208e-03   1.6009208e-03   1.6009208e-03   1.6009208e-03   1.6009208e-03
   3.1776070e-03   3.1776070e-03   3.1776070e-03   3.1776070e-03   3.1776070e-03   3.1776070e-03   3.1776070e-03   3.1776070e-03   3.1776070e-03   3.1776070e-03   3.1776070e-03   3.1776070e-03
   4.7304257e-03   4.7304257e-03   4.7304257e-03   4.7304257e-03   4.7304257e-03   4.7304257e-03   4.7304257e-03   4.7304257e-03   4.7304257e-03   4.7304257e-03   4.7304257e-03   4.7304257e-03
   6.2597380e-03   6.2597380e-03   6.2597380e-03   6.2597380e-03   6.2597380e-03   6.2597380e-03   6.2597380e-03   6.2597380e-03   6.2597380e-03   6.2597380e-03   6.2597380e-03   6.2597380e-03
   7.7658999e-03   7.7658999e-03   7.7658999e-03   7.7658999e-03   7.7658999e-03   7.7658999e-03   7.7658999e-03   7.7658999e-03   7.7658999e-03   7.7658999e-03   7.7658999e-03   7.7658999e-03
   9.2492618e-03   9.2492618e-03   9.2492618e-03   9.2492618e-03   9.2492618e-03   9.2492618e-03   9.2492618e-03   9.2492618e-03   9.2492618e-03   9.2492618e-03   9.2492618e-03   9.2492618e-03
   1.0710169e-02   1.0710169e-02   1.0710169e-02   1.0710169e-02   1.0710169e-02   1.0710169e-02   1.0710169e-02   1.0710169e-02   1.0710169e-02   1.0710169e-02   1.0710169e-02   1.0710169e-02
   1.2148961e-02   1.2148961e-02   1.2148961e-02   1.2148961e-02   1.2148961e-02   1.2148961e-02   1.2148961e-02   1.2148961e-02   1.2148961e-02   1.2148961e-02   1.2148961e-02   1.2148961e-02
   1.3565973e-02   1.3565973e-02   1.3565973e-02   1.3565973e-02   1.3565973e-02   1.3565973e-02   1.3565973e-02   1.3565973e-02   1.3565973e-02   1.3565973e-02   1.3565973e-02   1.3565973e-02
   1.4961534e-02   1.4961534e-02   1.4961534e-02   1.4961534e-02   1.4961534e-02   1.4961534e-02   1.4961534e-02   1.4961534e-02   1.4961534e-02   1.4961534e-02   1.4961534e-02   1.4961534e-02
   1.6335969e-02   1.6335969e-02   1.6335969e-02   1.6335969e-02   1.6335969e-02   1.6335969e-02   1.6335969e-02   1.6335969e-02   1.6335969e-02   1.6335969e-02   1.6335969e-02   1.6335969e-02
   1.7689599e-02   1.7689599e-02   1.7689599e-02   1.7689599e-02   1.7689599e-02   1.7689599e-02   1.7689599e-02   1.7689599e-02   1.7689599e-02   1.7689599e-02   1.7689599e-02   1.7689599e-02
   1.9022738e-02   1.9022738e-02   1.9022738e-02   1.9022738e-02   1.9022738e-02   1.9022738e-02   1.9022738e-02   1.9022738e-02   1.9022738e-02   1.9022738e-02   1.9022738e-02   1.9022738e-02
   2.0335695e-02   2.0335695e-02   2.0335695e-02   2.0335695e-02   2.0335695e-02   2.0335695e-02   2.0335695e-02   2.0335695e-02   2.0335695e-02   2.0335695e-02   2.0335695e-02   2.0335695e-02
   2.1628778e-02   2.1628778e-02   2.1628778e-02   2.1628778e-02   2.1628778e-02   2.1628778e-02   2.1628778e-02   2.1628778e-02   2.1628778e-02   2.1628778e-02   2.1628778e-02   2.1628778e-02
   2.2902286e-02   2.2902286e-02   2.2902286e-02   2.2902286e-02   2.2902286e-02   2.2902286e-02   2.2902286e-02   2.2902286e-02   2.2902286e-02   2.2902286e-02   2.2902286e-02   2.2902286e-02
   2.4156515e-02   2.4156515e-02   2.4156515e-02   2.4156515e-02   2.4156515e-02   2.4156515e-02   2.4156515e-02   2.4156515e-02   2.4156515e-02   2.4156515e-02   2.4156515e-02   2.4156515e-02
   2.5391759e-02   2.5391759e-02   2.5391759e-02   2.5391759e-02   2.5391759e-02   2.5391759e-02   2.5391759e-02   2.5391759e-02   2.5391759e-02   2.5391759e-02   2.5391759e-02   2.5391759e-02
   2.6608303e-02   2.6608303e-02   2.6608303e-02   2.6608303e-02   2.6608303e-02   2.6608303e-02   2.6608303e-02   2.6608303e-02   2.6608303e-02   2.6608303e-02   2.6608303e-02   2.6608303e-02
   2.7806432e-02   2.7806432e-02   2.7806432e-02   2.7806432e-02   2.7806432e-02   2.7806432e-02   2.7806432e-02   2.7806432e-02   2.7806432e-02   2.7806432e-02   2.7806432e-02   2.7806432e-02
   2.8986424e-02   2.8986424e-02   2.8986424e-02   2.8986424e-02   2.8986424e-02   2.8986424e-02   2.8986424e-02   2.8986424e-02   2.8986424e-02   2.8986424e-02   2.8986424e-02   2.8986424e-02
   3.0148553e-02   3.0148553e-02   3.0148553e-02   3.0148553e-02   3.0148553e-02   3.0148553e-02   3.0148553e-02   3.0148553e-02   3.0148553e-02   3.0148553e-02   3.0148553e-02   3.0148553e-02
   3.1293090e-02   3.1293090e-02   3.1293090e-02   3.1293090e-02   3.1293090e-02   3.1293090e-02   3.1293090e-02   3.1293090e-02   3.1293090e-02   3.1293090e-02   3.1293090e-02   3.1293090e-02
   3.2420301e-02   3.2420301e-02   3.2420301e-02   3.2420301e-02   3.2420301e-02   3.2420301e-02   3.2420301e-02   3.2420301e-02   3.2420301e-02   3.2420301e-02   3.2420301e-02   3.2420301e-02
   3.3530448e-02   3.3530448e-02   3.3530448e-02   3.3530448e-02   3.3530448e-02   3.3530448e-02   3.3530448e-02   3.3530448e-02   3.3530448e-02   3.3530448e-02   3.3530448e-02   3.3530448e-02
   3.4623791e-02   3.4623791e-02   3.4623791e-02   3.4623791e-02   3.4623791e-02   3.4623791e-02   3.4623791e-02   3.4623791e-02   3.4623791e-02   3.4623791e-02   3.4623791e-02   3.4623791e-02
   3.5700582e-02   3.5700582e-02   3.5700582e-02   3.5700582e-02   3.5700582e-02   3.5700582e-02   3.5700582e-02   3.5700582e-02   3.5700582e-02   3.5700582e-02   3.5700582e-02   3.5700582e-02
   3.6761074e-02   3.6761074e-02   3.6761074e-02   3.6761074e-02   3.6761074e-02   3.6761074e-02   3.6761074e-02   3.6761074e-02   3.6761074e-02   3.6761074e-02   3.6761074e-02   3.6761074e-02
   3.7805511e-02   3.7805511e-02   3.7805511e-02   3.7805511e-02   3.7805511e-02   3.7805511e-02   3.7805511e-02   3.7805511e-02   3.7805511e-02   3.7805511e-02   3.7805511e-02   3.7805511e-02
   3.8834139e-02   3.8834139e-02   3.8834139e-02   3.8834139e-02   3.8834139e-02   3.8834139e-02   3.8834139e-02   3.8834139e-02   3.8834139e-02   3.8834139e-02   3.8834139e-02   3.8834139e-02
   3.9847195e-02   3.9847195e-02   3.9847195e-02   3.9847195e-02   3.9847195e-02   3.9847195e-02   3.9847195e-02   3.9847195e-02   3.9847195e-02   3.9847195e-02   3.9847195e-02   3.9847195e-02
   4.0844915e-02   4.0844915e-02   4.0844915e-02   4.0844915e-02   4.0844915e-02   4.0844915e-02   4.0844915e-02   4.0844915e-02   4.0844915e-02   4.0844915e-02   4.0844915e-02   4.0844915e-02
   4.1827532e-02   4.1827532e-02   4.1827532e-02   4.1827532e-02   4.1827532e-02   4.1827532e-02   4.1827532e-02   4.1827532e-02   4.1827532e-02   4.1827532e-02   4.1827532e-02   4.1827532e-02
   4.2795275e-02   4.2795275e-02   4.2795275e-02   4.2795275e-02   4.2795275e-02   4.2795275e-02   4.2795275e-02   4.2795275e-02   4.2795275e-02   4.2795275e-02   4.2795275e-02   4.2795275e-02
   4.3748368e-02   4.3748368e-02   4.3748368e-02   4.3748368e-02   4.3748368e-02   4.3748368e-02   4.3748368e-02   4.3748368e-02   4.3748368e-02   4.3748368e-02   4.3748368e-02   4.3748368e-02
   4.4687033e-02   4.4687033e-02   4.4687033e-02   4.4687033e-02   4.4687033e-02   4.4687033e-02   4.4687033e-02   4.4687033e-02   4.4687033e-02   4.4687033e-02   4.4687033e-02   4.4687033e-02
   4.5611489e-02   4.5611489e-02   4.5611489e-02   4.5611489e-02   4.5611489e-02   4.5611489e-02   4.5611489e-02   4.5611489e-02   4.5611489e-02   4.5611489e-02   4.5611489e-02   4.5611489e-02
   4.6521951e-02   4.6521951e-02   4.6521951e-02   4.6521951e-02   4.6521951e-02   4.6521951e-02   4.6521951e-02   4.6521951e-02   4.6521951e-02   4.6521951e-02   4.6521951e-02   4.6521951e-02
   4.7418630e-02   4.7418630e-02   4.7418630e-02   4.7418630e-02   4.7418630e-02   4.7418630e-02   4.7418630e-02   4.7418630e-02   4.7418630e-02   4.7418630e-02   4.7418630e-02   4.7418630e-02
   4.8301735e-02   4.8301735e-02   4.8301735e-02   4.8301735e-02   4.8301735e-02   4.8301735e-02   4.8301735e-02   4.8301735e-02   4.8301735e-02   4.8301735e-02   4.8301735e-02   4.8301735e-02
   4.9171472e-02   4.9171472e-02   4.9171472e-02   4.9171472e-02   4.9171472e-02   4.9171472e-02   4.9171472e-02   4.9171472e-02   4.9171472e-02   4.9171472e-02   4.9171472e-02   4.9171472e-02
   5.0028044e-02   5.0028044e-02   5.0028044e-02   5.0028044e-02   5.0028044e-02   5.0028044e-02   5.0028044e-02   5.0028044e-02   5.0028044e-02   5.0028044e-02   5.0028044e-02   5.0028044e-02
   5.0871648e-02   5.0871648e-02   5.0871648e-02   5.0871648e-02   5.0871648e-02   5.0871648e-02   5.0871648e-02   5.0871648e-02   5.0871648e-02   5.0871648e-02   5.0871648e-02   5.0871648e-02
   5.1702482e-02   5.1702482e-02   5.1702482e-02   5.1702482e-02   5.1702482e-02   5.1702482e-02   5.1702482e-02   5.1702482e-02   5.1702482e-02   5.1702482e-02   5.1702482e-02   5.1702482e-02
   5.2520739e-02   5.2520739e-02   5.2520739e-02   5.2520739e-02   5.2520739e-02   5.2520739e-02   5.2520739e-02   5.2520739e-02   5.2520739e-02   5.2520739e-02   5.2520739e-02   5.2520739e-02
   5.3326610e-02   5.3326610e-02   5.3326610e-02   5.3326610e-02   5.3326610e-02   5.3326610e-02   5.3326610e-02   5.3326610e-02   5.3326610e-02   5.3326610e-02   5.3326610e-02   5.3326610e-02
   5.4120281e-02   5.4120281e-02   5.4120281e-02   5.4120281e-02   5.4120281e-02   5.4120281e-02   5.4120281e-02   5.4120281e-02   5.4120281e-02   5.4120281e-02   5.4120281e-02   5.4120281e-02
   5.4901938e-02   5.4901938e-02   5.4901938e-02   5.4901938e-02   5.4901938e-02   5.4901938e-02   5.4901938e-02   5.4901938e-02   5.4901938e-02   5.4901938e-02   5.4901938e-02   5.4901938e-02
   5.5671763e-02   5.5671763e-02   5.5671763e-02   5.5671763e-02   5.5671763e-02   5.5671763e-02   5.5671763e-02   5.5671763e-02   5.5671763e-02   5.5671763e-02   5.5671763e-02   5.5671763e-02
   5.6429934e-02   5.6429934e-02   5.6429934e-02   5.6429934e-02   5.6429934e-02   5.6429934e-02   5.6429934e-02   5.6429934e-02   5.6429934e-02   5.6429934e-02   5.6429934e-02   5.6429934e-02
   5.7176627e-02   5.7176627e-02   5.7176627e-02   5.7176627e-02   5.7176627e-02   5.7176627e-02   5.7176627e-02   5.7176627e-02   5.7176627e-02   5.7176627e-02   5.7176627e-02   5.7176627e-02
   5.7912018e-02   5.7912018e-02   5.7912018e-02   5.7912018e-02   5.7912018e-02   5.7912018e-02   5.7912018e-02   5.7912018e-02   5.7912018e-02   5.7912018e-02   5.7912018e-02   5.7912018e-02
   5.8647408e-02   5.8647408e-02   5.8647408e-02   5.8647408e-02   5.8647408e-02   5.8647408e-02   5.8647408e-02   5.8647408e-02   5.8647408e-02   5.8647408e-02   5.8647408e-02   5.8647408e-02
   5.9394102e-02   5.9394102e-02   5.9394102e-02   5.9394102e-02   5.9394102e-02   5.9394102e-02   5.9394102e-02   5.9394102e-02   5.9394102e-02   5.9394102e-02   5.9394102e-02   5.9394102e-02
   6.0152273e-02   6.0152273e-02   6.0152273e-02   6.0152273e-02   6.0152273e-02   6.0152273e-02   6.0152273e-02   6.0152273e-02   6.0152273e-02   6.0152273e-02   6.0152273e-02   6.0152273e-02
   6.0922097e-02   6.0922097e-02   6.0922097e-02   6.0922097e-02   6.0922097e-02   6.0922097e-02   6.0922097e-02   6.0922097e-02   6.0922097e-02   6.0922097e-02   6.0922097e-02   6.0922097e-02
   6.1703754e-02   6.1703754e-02   6.1703754e-02   6.1703754e-02   6.1703754e-02   6.1703754e-02   6.1703754e-02   6.1703754e-02   6.1703754e-02   6.1703754e-02   6.1703754e-02   6.1703754e-02
   6.2497426e-02   6.2497426e-02   6.2497426e-02   6.2497426e-02   6.2497426e-02   6.2497426e-02   6.2497426e-02   6.2497426e-02   6.2497426e-02   6.2497426e-02   6.2497426e-02   6.2497426e-02
   6.3303296e-02   6.3303296e-02   6.3303296e-02   6.3303296e-02   6.3303296e-02   6.3303296e-02   6.3303296e-02   6.3303296e-02   6.3303296e-02   6.3303296e-02   6.3303296e-02   6.3303296e-02
   6.4121553e-02   6.4121553e-02   6.4121553e-02   6.4121553e-02   6.4121553e-02   6.4121553e-02   6.4121553e-02   6.4121553e-02   6.4121553e-02   6.4121553e-02   6.4121553e-02   6.4121553e-02
   6.4952388e-02   6.4952388e-02   6.4952388e-02   6.4952388e-02   6.4952388e-02   6.4952388e-02   6.4952388e-02   6.4952388e-02   6.4952388e-02   6.4952388e-02   6.4952388e-02   6.4952388e-02
   6.5795992e-02   6.5795992e-02   6.5795992e-02   6.5795992e-02   6.5795992e-02   6.5795992e-02   6.5795992e-02   6.5795992e-02   6.5795992e-02   6.5795992e-02   6.5795992e-02   6.5795992e-02
   6.6652563e-02   6.6652563e-02   6.6652563e-02   6.6652563e-02   6.6652563e-02   6.6652563e-02   6.6652563e-02   6.6652563e-02   6.6652563e-02   6.6652563e-02   6.6652563e-02   6.6652563e-02
   6.7522300e-02   6.7522300e-02   6.7522300e-02   6.7522300e-02   6.7522300e-02   6.7522300e-02   6.7522300e-02   6.7522300e-02   6.7522300e-02   6.7522300e-02   6.7522300e-02   6.7522300e-02
   6.8405406e-02   6.8405406e-02   6.8405406e-02   6.8405406e-02   6.8405406e-02   6.8405406e-02   6.8405406e-02   6.8405406e-02   6.8405406e-02   6.8405406e-02   6.8405406e-02   6.8405406e-02
   6.9302085e-02   6.9302085e-02   6.9302085e-02   6.9302085e-02   6.9302085e-02   6.9302085e-02   6.9302085e-02   6.9302085e-02   6.9302085e-02   6.9302085e-02   6.9302085e-02   6.9302085e-02
   7.0212547e-02   7.0212547e-02   7.0212547e-02   7.0212547e-02   7.0212547e-02   7.0212547e-02   7.0212547e-02   7.0212547e-02   7.0212547e-02   7.0212547e-02   7.0212547e-02   7.0212547e-02
   7.1137002e-02   7.1137002e-02   7.1137002e-02   7.1137002e-02   7.1137002e-02   7.1137002e-02   7.1137002e-02   7.1137002e-02   7.1137002e-02   7.1137002e-02   7.1137002e-02   7.1137002e-02
   7.2075668e-02   7.2075668e-02   7.2075668e-02   7.2075668e-02   7.2075668e-02   7.2075668e-02   7.2075668e-02   7.2075668e-02   7.2075668e-02   7.2075668e-02   7.2075668e-02   7.2075668e-02
   7.3028761e-02   7.3028761e-02   7.3028761e-02   7.3028761e-02   7.3028761e-02   7.3028761e-02   7.3028761e-02   7.3028761e-02   7.3028761e-02   7.3028761e-02   7.3028761e-02   7.3028761e-02
   7.3996503e-02   7.3996503e-02   7.3996503e-02   7.3996503e-02   7.3996503e-02   7.3996503e-02   7.3996503e-02   7.3996503e-02   7.3996503e-02   7.3996503e-02   7.3996503e-02   7.3996503e-02
   7.4979120e-02   7.4979120e-02   7.4979120e-02   7.4979120e-02   7.4979120e-02   7.4979120e-02   7.4979120e-02   7.4979120e-02   7.4979120e-02   7.4979120e-02   7.4979120e-02   7.4979120e-02
   7.5976841e-02   7.5976841e-02   7.5976841e-02   7.5976841e-02   7.5976841e-02   7.5976841e-02   7.5976841e-02   7.5976841e-02   7.5976841e-02   7.5976841e-02   7.5976841e-02   7.5976841e-02
   7.6989897e-02   7.6989897e-02   7.6989897e-02   7.6989897e-02   7.6989897e-02   7.6989897e-02   7.6989897e-02   7.6989897e-02   7.6989897e-02   7.6989897e-02   7.6989897e-02   7.6989897e-02
   7.8018524e-02   7.8018524e-02   7.8018524e-02   7.8018524e-02   7.8018524e-02   7.8018524e-02   7.8018524e-02   7.8018524e-02   7.8018524e-02   7.8018524e-02   7.8018524e-02   7.8018524e-02
   7.9062962e-02   7.9062962e-02   7.9062962e-02   7.9062962e-02   7.9062962e-02   7.9062962e-02   7.9062962e-02   7.9062962e-02   7.9062962e-02   7.9062962e-02   7.9062962e-02   7.9062962e-02
   8.0123453e-02   8.0123453e-02   8.0123453e-02   8.0123453e-02   8.0123453e-02   8.0123453e-02   8.0123453e-02   8.0123453e-02   8.0123453e-02   8.0123453e-02   8.0123453e-02   8.0123453e-02
   8.1200245e-02   8.1200245e-02   8.1200245e-02   8.1200245e-02   8.1200245e-02   8.1200245e-02   8.1200245e-02   8.1200245e-02   8.1200245e-02   8.1200245e-02   8.1200245e-02   8.1200245e-02
   8.2293587e-02   8.2293587e-02   8.2293587e-02   8.2293587e-02   8.2293587e-02   8.2293587e-02   8.2293587e-02   8.2293587e-02   8.2293587e-02   8.2293587e-02   8.2293587e-02   8.2293587e-02
   8.3403735e-02   8.3403735e-02   8.3403735e-02   8.3403735e-02   8.3403735e-02   8.3403735e-02   8.3403735e-02   8.3403735e-02   8.3403735e-02   8.3403735e-02   8.3403735e-02   8.3403735e-02
   8.4530946e-02   8.4530946e-02   8.4530946e-02   8.4530946e-02   8.4530946e-02   8.4530946e-02   8.4530946e-02   8.4530946e-02   8.4530946e-02   8.4530946e-02   8.4530946e-02   8.4530946e-02
   8.5675483e-02   8.5675483e-02   8.5675483e-02   8.5675483e-02   8.5675483e-02   8.5675483e-02   8.5675483e-02   8.5675483e-02   8.5675483e-02   8.5675483e-02   8.5675483e-02   8.5675483e-02
   8.6837612e-02   8.6837612e-02   8.6837612e-02   8.6837612e-02   8.6837612e-02   8.6837612e-02   8.6837612e-02   8.6837612e-02   8.6837612e-02   8.6837612e-02   8.6837612e-02   8.6837612e-02
   8.8017604e-02   8.8017604e-02   8.8017604e-02   8.8017604e-02   8.8017604e-02   8.8017604e-02   8.8017604e-02   8.8017604e-02   8.8017604e-02   8.8017604e-02   8.8017604e-02   8.8017604e-02
   8.9215732e-02   8.9215732e-02   8.9215732e-02   8.9215732e-02   8.9215732e-02   8.9215732e-02   8.9215732e-02   8.9215732e-02   8.9215732e-02   8.9215732e-02   8.9215732e-02   8.9215732e-02
   9.0432277e-02   9.0432277e-02   9.0432277e-02   9.0432277e-02   9.0432277e-02   9.0432277e-02   9.0432277e-02   9.0432277e-02   9.0432277e-02   9.0432277e-02   9.0432277e-02   9.0432277e-02
   9.1667520e-02   9.1667520e-02   9.1667520e-02   9.1667520e-02   9.1667520e-02   9.1667520e-02   9.1667520e-02   9.1667520e-02   9.1667520e-02   9.1667520e-02   9.1667520e-02   9.1667520e-02
   9.2921750e-02   9.2921750e-02   9.2921750e-02   9.2921750e-02   9.2921750e-02   9.2921750e-02   9.2921750e-02   9.2921750e-02   9.2921750e-02   9.2921750e-02   9.2921750e-02   9.2921750e-02
   9.4195258e-02   9.4195258e-02   9.4195258e-02   9.4195258e-02   9.4195258e-02   9.4195258e-02   9.4195258e-02   9.4195258e-02   9.4195258e-02   9.4195258e-02   9.4195258e-02   9.4195258e-02
   9.5488340e-02   9.5488340e-02   9.5488340e-02   9.5488340e-02   9.5488340e-02   9.5488340e-02   9.5488340e-02   9.5488340e-02   9.5488340e-02   9.5488340e-02   9.5488340e-02   9.5488340e-02
   9.6801298e-02   9.6801298e-02   9.6801298e-02   9.6801298e-02   9.6801298e-02   9.6801298e-02   9.6801298e-02   9.6801298e-02   9.6801298e-02   9.6801298e-02   9.6801298e-02   9.6801298e-02
   9.8134437e-02   9.8134437e-02   9.8134437e-02   9.8134437e-02   9.8134437e-02   9.8134437e-02   9.8134437e-02   9.8134437e-02   9.8134437e-02   9.8134437e-02   9.8134437e-02   9.8134437e-02
   9.9488066e-02   9.9488066e-02   9.9488066e-02   9.9488066e-02   9.9488066e-02   9.9488066e-02   9.9488066e-02   9.9488066e-02   9.9488066e-02   9.9488066e-02   9.9488066e-02   9.9488066e-02
   1.0086250e-01   1.0086250e-01   1.0086250e-01   1.0086250e-01   1.0086250e-01   1.0086250e-01   1.0086250e-01   1.0086250e-01   1.0086250e-01   1.0086250e-01   1.0086250e-01   1.0086250e-01
   1.0225806e-01   1.0225806e-01   1.0225806e-01   1.0225806e-01   1.0225806e-01   1.0225806e-01   1.0225806e-01   1.0225806e-01   1.0225806e-01   1.0225806e-01   1.0225806e-01   1.0225806e-01
   1.0367507e-01   1.0367507e-01   1.0367507e-01   1.0367507e-01   1.0367507e-01   1.0367507e-01   1.0367507e-01   1.0367507e-01   1.0367507e-01   1.0367507e-01   1.0367507e-01   1.0367507e-01
   1.0511387e-01   1.0511387e-01   1.0511387e-01   1.0511387e-01   1.0511387e-01   1.0511387e-01   1.0511387e-01   1.0511387e-01   1.0511387e-01   1.0511387e-01   1.0511387e-01   1.0511387e-01
   1.0657477e-01   1.0657477e-01   1.0657477e-01   1.0657477e-01   1.0657477e-01   1.0657477e-01   1.0657477e-01   1.0657477e-01   1.0657477e-01   1.0657477e-01   1.0657477e-01   1.0657477e-01
   1.0805814e-01   1.0805814e-01   1.0805814e-01   1.0805814e-01   1.0805814e-01   1.0805814e-01   1.0805814e-01   1.0805814e-01   1.0805814e-01   1.0805814e-01   1.0805814e-01   1.0805814e-01
   1.0956430e-01   1.0956430e-01   1.0956430e-01   1.0956430e-01   1.0956430e-01   1.0956430e-01   1.0956430e-01   1.0956430e-01   1.0956430e-01   1.0956430e-01   1.0956430e-01   1.0956430e-01
   1.1109361e-01   1.1109361e-01   1.1109361e-01   1.1109361e-01   1.1109361e-01   1.1109361e-01   1.1109361e-01   1.1109361e-01   1.1109361e-01   1.1109361e-01   1.1109361e-01   1.1109361e-01
   1.1264643e-01   1.1264643e-01   1.1264643e-01   1.1264643e-01   1.1264643e-01   1.1264643e-01   1.1264643e-01   1.1264643e-01   1.1264643e-01   1.1264643e-01   1.1264643e-01   1.1264643e-01
   1.1422311e-01   1.1422311e-01   1.1422311e-01   1.1422311e-01   1.1422311e-01   1.1422311e-01   1.1422311e-01   1.1422311e-01   1.1422311e-01   1.1422311e-01   1.1422311e-01   1.1422311e-01
   1.1582404e-01   1.1582404e-01   1.1582404e-01   1.1582404e-01   1.1582404e-01   1.1582404e-01   1.1582404e-01   1.1582404e-01   1.1582404e-01   1.1582404e-01   1.1582404e-01   1.1582404e-01
