  -3.5279011e-02  -3.3890245e-02  -3.2224735e-02  -3.0241874e-02  -2.7901642e-02  -2.5159627e-02  -2.1946360e-02  -1.8131619e-02  -1.3503219e-02  -7.7767799e-03   0.0000000e+00   7.7767799e-03
  -3.4171943e-02  -3.2808711e-02  -3.1162161e-02  -2.9184204e-02  -2.6826271e-02  -2.4040548e-02  -2.0772048e-02  -1.6934513e-02  -1.2383144e-02  -6.9122869e-03   0.0000000e+00   6.9122869e-03
  -3.3093577e-02  -3.1771367e-02  -3.0168643e-02  -2.8233010e-02  -2.5909007e-02  -2.3141730e-02  -1.9876972e-02  -1.6049510e-02  -1.1560633e-02  -6.2691612e-03   0.0000000e+00   6.2691612e-03
  -3.2043168e-02  -3.0762690e-02  -2.9209156e-02  -2.7328986e-02  -2.5063080e-02  -2.2350520e-02  -1.9132657e-02  -1.5351047e-02  -1.0934404e-02  -5.7901378e-03   0.0000000e+00   5.7901378e-03
  -3.1019992e-02  -2.9780357e-02  -2.8276106e-02  -2.6454388e-02  -2.4255382e-02  -2.1615046e-02  -1.8470176e-02  -1.4762229e-02  -1.0433881e-02  -5.4263398e-03   0.0000000e+00   5.4263398e-03
  -3.0023343e-02  -2.8823513e-02  -2.7367515e-02  -2.5603923e-02  -2.3473807e-02  -2.0912489e-02  -1.7854085e-02  -1.4237916e-02  -1.0012437e-02  -5.1404867e-03   0.0000000e+00   5.1404867e-03
  -2.9052533e-02  -2.7891478e-02  -2.6482524e-02  -2.4775839e-02  -2.2714043e-02  -2.0233316e-02  -1.7267044e-02  -1.3752765e-02  -9.6406163e-03  -4.9061623e-03   0.0000000e+00   4.9061623e-03
  -2.8106891e-02  -2.6983607e-02  -2.5620485e-02  -2.3969296e-02  -2.1974419e-02  -1.9573601e-02  -1.6700867e-02  -1.3293065e-02  -9.3004919e-03  -4.7055694e-03   0.0000000e+00   4.7055694e-03
  -2.7185766e-02  -2.6099274e-02  -2.4780796e-02  -2.3183679e-02  -2.1254092e-02  -1.8931629e-02  -1.6151730e-02  -1.2851591e-02  -8.9814656e-03  -4.5271402e-03   0.0000000e+00   4.5271402e-03
  -2.6288522e-02  -2.5237869e-02  -2.3962878e-02  -2.2418435e-02  -2.0552474e-02  -1.8306515e-02  -1.5617791e-02  -1.2424582e-02  -8.6774081e-03  -4.3635522e-03   0.0000000e+00   4.3635522e-03
  -2.5414540e-02  -2.4398796e-02  -2.3166166e-02  -2.1673032e-02  -1.9869056e-02  -1.7697680e-02  -1.5098080e-02  -1.2010061e-02  -8.3848216e-03  -4.2102609e-03   0.0000000e+00   4.2102609e-03
  -2.4563216e-02  -2.3581477e-02  -2.2390110e-02  -2.0946955e-02  -1.9203361e-02  -1.7104654e-02  -1.4591994e-02  -1.1606940e-02  -8.1017140e-03  -4.0644863e-03   0.0000000e+00   4.0644863e-03
  -2.3733964e-02  -2.2785349e-02  -2.1634174e-02  -2.0239704e-02  -1.8554926e-02  -1.6527013e-02  -1.4099090e-02  -1.1214571e-02  -7.8269365e-03  -3.9245446e-03   0.0000000e+00   3.9245446e-03
  -2.2926211e-02  -2.2009860e-02  -2.0897838e-02  -1.9550790e-02  -1.7923306e-02  -1.5964352e-02  -1.3618991e-02  -1.0832514e-02  -7.5598050e-03  -3.7894220e-03   0.0000000e+00   3.7894220e-03
  -2.2139399e-02  -2.1254478e-02  -2.0180592e-02  -1.8879739e-02  -1.7308062e-02  -1.5416284e-02  -1.3151353e-02  -1.0460436e-02  -7.2998923e-03  -3.6585120e-03   0.0000000e+00   3.6585120e-03
  -2.1372986e-02  -2.0518679e-02  -1.9481942e-02  -1.8226086e-02  -1.6708772e-02  -1.4882428e-02  -1.2695852e-02  -1.0098062e-02  -7.0469214e-03  -3.5314590e-03   0.0000000e+00   3.5314590e-03
  -2.0626443e-02  -1.9801957e-02  -1.8801407e-02  -1.7589381e-02  -1.6125021e-02  -1.4362421e-02  -1.2252183e-02  -9.7451586e-03  -6.8007184e-03  -3.4080731e-03   0.0000000e+00   3.4080731e-03
  -1.9899254e-02  -1.9103817e-02  -1.8138515e-02  -1.6969186e-02  -1.5556409e-02  -1.3855909e-02  -1.1820068e-02  -9.4015523e-03  -6.5612093e-03  -3.2882901e-03   0.0000000e+00   3.2882901e-03
  -1.9190919e-02  -1.8423777e-02  -1.7492811e-02  -1.6365072e-02  -1.5002550e-02  -1.3362569e-02  -1.1399284e-02  -9.0671674e-03  -6.3284534e-03  -3.1721663e-03   0.0000000e+00   3.1721663e-03
  -1.8500948e-02  -1.7761369e-02  -1.6863849e-02  -1.5776630e-02  -1.4463087e-02  -1.2882145e-02  -1.0989739e-02  -8.7421228e-03  -6.1027184e-03  -3.0598980e-03   0.0000000e+00   3.0598980e-03
  -1.7828864e-02  -1.7116135e-02  -1.6251205e-02  -1.5203489e-02  -1.3937758e-02  -1.2414565e-02  -1.0591646e-02  -8.4269169e-03  -5.8846061e-03  -2.9518604e-03   0.0000000e+00   2.9518604e-03
  -1.7174206e-02  -1.6487647e-02  -1.5654520e-02  -1.4645441e-02  -1.3426623e-02  -1.1960293e-02  -1.0205918e-02  -8.1227468e-03  -5.6752259e-03  -2.8486551e-03   0.0000000e+00   2.8486551e-03
  -1.6536519e-02  -1.5875694e-02  -1.5073904e-02  -1.4103062e-02  -1.2930897e-02  -1.1521231e-02  -9.8349225e-03  -7.8319782e-03  -5.4763815e-03  -2.7511458e-03   0.0000000e+00   2.7511458e-03
  -1.5915365e-02  -1.5280845e-02  -1.4511338e-02  -1.3579834e-02  -1.2455258e-02  -1.1102612e-02  -9.4836525e-03  -7.5586277e-03  -5.2906679e-03  -2.6604464e-03   0.0000000e+00   2.6604464e-03
  -1.5339042e-02  -1.4727338e-02  -1.3987485e-02  -1.3093255e-02  -1.2014228e-02  -1.0715980e-02  -9.1606605e-03  -7.3084012e-03  -5.1212977e-03  -2.5778240e-03   0.0000000e+00   2.5778240e-03
  -1.4866445e-02  -1.4266238e-02  -1.3544082e-02  -1.2675375e-02  -1.1631009e-02  -1.0377275e-02  -8.8763196e-03  -7.0875333e-03  -4.9715122e-03  -2.5044983e-03   0.0000000e+00   2.5044983e-03
  -1.4488278e-02  -1.3896523e-02  -1.3186722e-02  -1.2335804e-02  -1.1316351e-02  -1.0096089e-02  -8.6378495e-03  -6.9006521e-03  -4.8437500e-03  -2.4413893e-03   0.0000000e+00   2.4413893e-03
  -1.4194597e-02  -1.3609544e-02  -1.2909167e-02  -1.2071365e-02  -1.1069967e-02  -9.8740469e-03  -8.4474826e-03  -6.7496004e-03  -4.7390774e-03  -2.3889150e-03   0.0000000e+00   2.3889150e-03
  -1.3977081e-02  -1.3397097e-02  -1.2703740e-02  -1.1875500e-02  -1.0886944e-02  -9.7080252e-03  -8.3035404e-03  -6.6335549e-03  -4.6570760e-03  -2.3469092e-03   0.0000000e+00   2.3469092e-03
  -1.3828689e-02  -1.3252167e-02  -1.2563538e-02  -1.1741585e-02  -1.0761212e-02  -9.5928339e-03  -8.2019659e-03  -6.5496723e-03  -4.5960416e-03  -2.3146571e-03   0.0000000e+00   2.3146571e-03
  -1.3743394e-02  -1.3168682e-02  -1.2482324e-02  -1.1663127e-02  -1.0686100e-02  -9.5219999e-03  -8.1370888e-03  -6.4936493e-03  -4.5532940e-03  -2.2910104e-03   0.0000000e+00   2.2910104e-03
  -1.3716000e-02  -1.3140506e-02  -1.2452872e-02  -1.1631936e-02  -1.0652948e-02  -9.4871806e-03  -8.1017392e-03  -6.4601273e-03  -4.5255230e-03  -2.2745467e-03   0.0000000e+00   2.2745467e-03
  -1.3735769e-02  -1.3155071e-02  -1.2461714e-02  -1.1634760e-02  -1.0649737e-02  -9.4782912e-03  -8.0881136e-03  -6.4436542e-03  -4.5094814e-03  -2.2638938e-03   0.0000000e+00   2.2638938e-03
  -1.3762346e-02  -1.3179461e-02  -1.2483041e-02  -1.1652025e-02  -1.0661985e-02  -9.4848456e-03  -8.0888575e-03  -6.4393950e-03  -4.5023939e-03  -2.2579078e-03   0.0000000e+00   2.2579078e-03
  -1.3789630e-02  -1.3205480e-02  -1.2507336e-02  -1.1673915e-02  -1.0680567e-02  -9.4991163e-03  -8.0979932e-03  -6.4431818e-03  -4.5017778e-03  -2.2555397e-03   0.0000000e+00   2.2555397e-03
  -1.3817641e-02  -1.3232292e-02  -1.2532672e-02  -1.1697375e-02  -1.0701561e-02  -9.5168395e-03  -8.1115245e-03  -6.4517987e-03  -4.5055024e-03  -2.2558146e-03   0.0000000e+00   2.2558146e-03
  -1.3846396e-02  -1.3259827e-02  -1.2558740e-02  -1.1721665e-02  -1.0723651e-02  -9.5361385e-03  -8.1272585e-03  -6.4631408e-03  -4.5119676e-03  -2.2579215e-03   0.0000000e+00   2.2579215e-03
  -1.3875918e-02  -1.3288095e-02  -1.2585511e-02  -1.1746641e-02  -1.0746464e-02  -9.5563108e-03  -8.1441575e-03  -6.4759992e-03  -4.5200991e-03  -2.2612461e-03   0.0000000e+00   2.2612461e-03
  -1.3906225e-02  -1.3317116e-02  -1.2612995e-02  -1.1772288e-02  -1.0769916e-02  -9.5771284e-03  -8.1617864e-03  -6.4897508e-03  -4.5292414e-03  -2.2653603e-03   0.0000000e+00   2.2653603e-03
  -1.3937338e-02  -1.3346910e-02  -1.2641211e-02  -1.1798620e-02  -1.0794000e-02  -9.5985311e-03  -8.1799833e-03  -6.5041035e-03  -4.5390264e-03  -2.2699868e-03   0.0000000e+00   2.2699868e-03
  -1.3969280e-02  -1.3377497e-02  -1.2670178e-02  -1.1825653e-02  -1.0818727e-02  -9.6205120e-03  -8.1986977e-03  -6.5189337e-03  -4.5492629e-03  -2.2749576e-03   0.0000000e+00   2.2749576e-03
  -1.4002072e-02  -1.3408898e-02  -1.2699916e-02  -1.1853406e-02  -1.0844113e-02  -9.6430807e-03  -8.2179213e-03  -6.5341958e-03  -4.5598594e-03  -2.2801772e-03   0.0000000e+00   2.2801772e-03
  -1.4035736e-02  -1.3441135e-02  -1.2730446e-02  -1.1881899e-02  -1.0870175e-02  -9.6662513e-03  -8.2376605e-03  -6.5498783e-03  -4.5707767e-03  -2.2855947e-03   0.0000000e+00   2.2855947e-03
  -1.4070297e-02  -1.3474229e-02  -1.2761789e-02  -1.1911149e-02  -1.0896932e-02  -9.6900393e-03  -8.2579268e-03  -6.5659839e-03  -4.5820013e-03  -2.2911855e-03   0.0000000e+00   2.2911855e-03
  -1.4105777e-02  -1.3508205e-02  -1.2793966e-02  -1.1941179e-02  -1.0924400e-02  -9.7144611e-03  -8.2787335e-03  -6.5825206e-03  -4.5935320e-03  -2.2969391e-03   0.0000000e+00   2.2969391e-03
  -1.4142202e-02  -1.3543085e-02  -1.2827000e-02  -1.1972008e-02  -1.0952601e-02  -9.7395336e-03  -8.3000949e-03  -6.5994990e-03  -4.6053730e-03  -2.3028525e-03   0.0000000e+00   2.3028525e-03
  -1.4179596e-02  -1.3578894e-02  -1.2860913e-02  -1.2003658e-02  -1.0981552e-02  -9.7652740e-03  -8.3220256e-03  -6.6169303e-03  -4.6175310e-03  -2.3089265e-03   0.0000000e+00   2.3089265e-03
  -1.4217986e-02  -1.3615656e-02  -1.2895729e-02  -1.2036151e-02  -1.1011275e-02  -9.7917000e-03  -8.3445408e-03  -6.6348265e-03  -4.6300138e-03  -2.3151640e-03   0.0000000e+00   2.3151640e-03
  -1.4257397e-02  -1.3653396e-02  -1.2931472e-02  -1.2069508e-02  -1.1041789e-02  -9.8188301e-03  -8.3676560e-03  -6.6531999e-03  -4.6428299e-03  -2.3215686e-03   0.0000000e+00   2.3215686e-03
  -1.4297858e-02  -1.3692141e-02  -1.2968166e-02  -1.2103754e-02  -1.1073115e-02  -9.8466827e-03  -8.3913872e-03  -6.6720632e-03  -4.6559879e-03  -2.3281445e-03   0.0000000e+00   2.3281445e-03
  -1.4339395e-02  -1.3731917e-02  -1.3005838e-02  -1.2138912e-02  -1.1105276e-02  -9.8752772e-03  -8.4157507e-03  -6.6914294e-03  -4.6694971e-03  -2.3348963e-03   0.0000000e+00   2.3348963e-03
  -1.4382038e-02  -1.3772752e-02  -1.3044511e-02  -1.2175005e-02  -1.1138293e-02  -9.9046334e-03  -8.4407633e-03  -6.7113118e-03  -4.6833667e-03  -2.3418289e-03   0.0000000e+00   2.3418289e-03
  -1.4425815e-02  -1.3814674e-02  -1.3084215e-02  -1.2212060e-02  -1.1172189e-02  -9.9347714e-03  -8.4664423e-03  -6.7317242e-03  -4.6976065e-03  -2.3489482e-03   0.0000000e+00   2.3489482e-03
  -1.4470758e-02  -1.3857711e-02  -1.3124975e-02  -1.2250101e-02  -1.1206988e-02  -9.9657120e-03  -8.4928054e-03  -6.7526808e-03  -4.7122271e-03  -2.3562622e-03   0.0000000e+00   2.3562622e-03
  -1.4516897e-02  -1.3901895e-02  -1.3166820e-02  -1.2289154e-02  -1.1242713e-02  -9.9974766e-03  -8.5198710e-03  -6.7741964e-03  -4.7272410e-03  -2.3637855e-03   0.0000000e+00   2.3637855e-03
  -1.4564265e-02  -1.3947254e-02  -1.3209779e-02  -1.2329248e-02  -1.1279389e-02  -1.0030087e-02  -8.5476578e-03  -6.7962877e-03  -4.7426676e-03  -2.3715518e-03   0.0000000e+00   2.3715518e-03
  -1.4612892e-02  -1.3993820e-02  -1.3253882e-02  -1.2370408e-02  -1.1317042e-02  -1.0063566e-02  -8.5761864e-03  -6.8189776e-03  -4.7585496e-03  -2.3796547e-03   0.0000000e+00   2.3796547e-03
  -1.4662814e-02  -1.4041626e-02  -1.3299159e-02  -1.2412665e-02  -1.1355698e-02  -1.0097939e-02  -8.6054843e-03  -6.8423158e-03  -4.7750138e-03  -2.3883713e-03   0.0000000e+00   2.3883713e-03
  -1.4714065e-02  -1.4090705e-02  -1.3345641e-02  -1.2456047e-02  -1.1395385e-02  -1.0133238e-02  -8.6356148e-03  -6.8664696e-03  -4.7924911e-03  -2.3985496e-03   0.0000000e+00   2.3985496e-03
  -1.4766680e-02  -1.4141090e-02  -1.3393360e-02  -1.2500587e-02  -1.1436150e-02  -1.0169562e-02  -8.6668388e-03  -6.8921182e-03  -4.8125001e-03  -2.4128047e-03   0.0000000e+00   2.4128047e-03
  -1.4820696e-02  -1.4192817e-02  -1.3442363e-02  -1.2546371e-02  -1.1478201e-02  -1.0207457e-02  -8.7004831e-03  -6.9221277e-03  -4.8403784e-03  -2.4391815e-03   0.0000000e+00   2.4391815e-03
  -1.4876149e-02  -1.4245977e-02  -1.3492919e-02  -1.2594120e-02  -1.1523232e-02  -1.0250486e-02  -8.7433533e-03  -6.9682869e-03  -4.8944182e-03  -2.5021502e-03   0.0000000e+00   2.5021502e-03
  -1.4933077e-02  -1.4302312e-02  -1.3549381e-02  -1.2652102e-02  -1.1585209e-02  -1.0320587e-02  -8.8279637e-03  -7.0761584e-03  -5.0345505e-03  -2.6742221e-03   0.0000000e+00   2.6742221e-03
